111111111111111111111111111111
100000000000000000000000000001
100000000000000000000000000001
100000000000000000000000000001
100000000000000000000000000001
100000000001100001100000000001
100000000010010010010000000001
100000000000000000000000000001
100000000000000000000000000001
100000000010000000010000000001
100000000001111111100000000001
100000000000000000000000000001
100000000000000000000000000001
100000000000000000000000000001
100000000000000000000000000001
100000000000000000000000000001
111111111111111111111111111111
111111111111111111111111111111
100000000000000000000000000001
100000000000000000000000000001
100000000000000000000000000001
100000000000000000000000000001
100000000001100001100000000001
100000000010010010010000000001
100000000000000000000000000001
100000000000000000000000000001
100000000011111111110000000001
100000000001000000100000000001
100000000000111111000000000001
100000000000000000000000000001
100000000000000000000000000001
100000000000000000000000000001
100000000000000000000000000001
111111111111111111111111111111
